	Iozone: Performance Test of File I/O
	        Version $Revision: 3.506 $
		Compiled for 64 bit mode.
		Build: linux-AMD64 

	Contributors:William Norcott, Don Capps, Isom Crawford, Kirby Collins
	             Al Slater, Scott Rhine, Mike Wisner, Ken Goss
	             Steve Landherr, Brad Smith, Mark Kelly, Dr. Alain CYR,
	             Randy Dunlap, Mark Montague, Dan Million, Gavin Brebner,
	             Jean-Marc Zucconi, Jeff Blomberg, Benny Halevy, Dave Boone,
	             Erik Habbinga, Kris Strecker, Walter Wong, Joshua Root,
	             Fabrice Bacchella, Zhenghua Xue, Qin Li, Darren Sawyer,
	             Vangel Bojaxhi, Ben England, Vikentsi Lapa,
	             Alexey Skidanov, Sudhir Kumar.

	Run began: Thu Sep 25 22:28:45 2025

	Network distribution mode enabled.
	Auto Mode
	Excel chart generation enabled
	OPS Mode. Output is in operations per second.
	Command line used: iozone -+m /shared/machines.txt -f /shared/testfile -a -R -O
	Time Resolution = 0.000001 seconds.
	Processor cache size set to 1024 kBytes.
	Processor cache line size set to 32 bytes.
	File stride size set to 17 * record size.
                                                                    random    random      bkwd     record     stride                                        
              kB  reclen    write    rewrite      read    reread      read     write      read    rewrite       read    fwrite  frewrite     fread   freread
              64       4     82463    168274    231565    611160    271909    181962    213175     163359     379562    216615    188082    250587    457127
              64       8     34923    109724    420451    234965    221035    103625    122997      95377     209970     57573     40830    106587    234965
              64      16     22863     72689    191072    306121    251134     68813     63596      71451      67703      9074     47688     47020    142414
              64      32      7092     33313     77097    168426     77097     26989     36344      22203      21519      3583     24686     51210     68868
              64      64      2747      5851    100328     45686     34719      6756      6946       9991      13156     12343     15152     27093     24995
             128       4     96089    166563    363925    483135    394983    179963    227177     390388     278572    209125    206550     89609    164926
             128       8     26104    111884    281018    258304     71104    143148     52436      54041     371165    134539    123861     73039    126906
             128      16     21862     40632    154056     72659    111178     22922     92998      76120     131171     66077     66601     84137     94305
             128      32     11588     27785     92791    104985    147419     33367     39216      33906      74299     22227     32275     49961     54683
             128      64      7276      5933     30749     28168     23776      6554     30749      11247      22262     16650     10158     15626     28649
             128     128      3831      4761     15374     32312     23722      8545      7039      11624      10412     11131      6454     14675     15374
             256       4    126691    203082    592827    582535    500060    185408    262193     328238     151333    265565    307554    355635    420873
             256       8     12867    141608    269078    291267    329930    136844    227177      75666     250030    121705     71590    186983    186983
             256      16     27260     25972     66391    128117    122953     67800    125015      49063      76888     24020     53695    155414    148206
             256      32     14495     36719     84989     81481     64058     11836     56317      77707      90981     17432     31992     62045     59199
             256      64      3233     17776     57891     42174     42929     11238     28590      35710      33038     19719     22345     32844     41241
             256     128      1369      9711      3663     15984      2673      4106      8509       5306      12357      3703     15984     25281     18204
             256     256      1524      5153     17862     16925      5993      3144      6454       5715       9804      6019      2045      4569      5708
             512       4     36056     95091    356533    151111     99849     78664    298459     298459     325611    212302    157080    372102    405245
             512       8     56634    135313    229274    113705     50793     42388     94393      98479     104376     48307     58986    100132    114091
             512      16      8226     76529    202499    203728    132782     68241    160777     180690     112617     72090     66385    133842    223768
             512      32     14666     14507    105218    122953    115943     51471     87861     100642     121396     36045     52477     77689     89861
             512      64      3111      6712     53362     49651     29516     14207     31394      13514      34176      8907      8273     45977     32115
             512     128      1186     10988     13423     24862     22345      9899     12702      13109      27971     11725     12115     23939     26851
             512     256      1824      4785     15626     15893     13340      5916     10257       8098       8623      4818      6289      8298      6776
             512     512      1213      2849      3484      3446      4406      1170      3519       1091       2778       956       940      2053      2638
            1024       4     41384    245213    431601    443730    393340    293949    423098     467086     348300    241517    231469    357579    392620
            1024       8     70374    161231    312897    351630    314547    190460    223807      95294      74723    170879    148314    303350    122132
            1024      16     31854    102074    184389    192730    235303    101113     96949      58130      86597     43360     73467    216863     71739
            1024      32      6608     49843    153953    128955    181914     52887     51865     104873      79995     18172     55558     62143     73390
            1024      64      3595      8101     34774     32005     17431      8565     36200      21421      98140      7064      7098     29091     85619
            1024     128      1368      4691     13702     13396      6466      3720     10013       5641      10255     12778      9826     31364     28981
            1024     256      1841      4483     12578      9566      7365      4843     10363       5722      12616      5874      5656     12230      8176
            1024     512      1269      2190      4000      7038      7353      2590      3657       3240       6351      2171      3043      6453      3006
            1024    1024       581      1729      5205      4347      4311      1386      2891       1424       2012       546       580      2347      2083
            2048       4    152154     83049    164737    197002    130018     79196    437564     536092     452692    292899    294587    470134    563820
            2048       8     80473    187657    316103    398005    345054    170440    243324      92853     143169     64844     62438    264220    316849
            2048      16     34857     72976     88947     77017     61717     93779    140475     195452      83445     66868     85792     83006     81742
            2048      32     19138     50793     83551    104742     43269     16260     98769      87930      76743     49274     14352     52410     65780
            2048      64     10040     24823     53328     50234     23338     17768     35946      25762      46509     22838     17011     61208     43312
            2048     128      4043     11568     10382      9976      8117      3140     10088       7733      12149     12012      4239     11886     12120
            2048     256       633      5464      8230     12946     10089      5834     10679      10555      14135      6018      2154      7583      7692
            2048     512       531      3124      5797      7735      5681      3157      5134       4914       7547      3020      3454      6087      6768
            2048    1024       540      1528      3760      2849      2043      1531      1609       2109       3816      1597      2255      3305      3226
            2048    2048       342       408      2201      2320      1562       810      1013        812       1879       771       678       743      1207
            4096       4     62702    272198    434633    495622    437779    269060    381815     395200     376592     66705     82334    420382    455902
            4096       8     72376    163421     93227    266245    148833     57944    270470     368110     152652    107450    161515    254356    280834
            4096      16     35919     85104     62605     70331     64875     32368     66511     162964     180163     87940     90551    168303     65005
            4096      32     14724     43938     76829     95243     87483     45134     81223      79105     100786     35964     41301    104738    111504
            4096      64      2461      9196     24408     44815     44137     22965     54286      62736      46172     20088      8033     39952     42576
            4096     128      5061     11855     21133     27589     27231     12529     26578      18348      25956      9039     11478     29519     30422
            4096     256      2329      1875     13468     14759     14312      6899     10854      10126      18123      3913      6095      6230     12384
            4096     512      1270      3040      3853      4050      4868      2822      4361       5095       8989      2953      2906      7483      7239
            4096    1024       539      1635      2648      3117      4282      1620      4232       2546       4334      1796      1703      4773      4128
            4096    2048       290       336       751      1188       993       308      1419        769       2030       826       462      1079       609
            4096    4096       151       323       602       444       446       143       356        143        798       387       418       858       630
            8192       4    151908    295229    543226    560781    452916    266844    408290     506547     130030    151199    308482    504169    554840
            8192       8     84080    176763    321604    373449    324447    164553    172185     322111     227153    130064    182890    327066    367285
            8192      16     39705    101990    218689    248183    209412     39683    174623     181439     199287     66605    102771     72335    222035
            8192      32     19073     55410    100671    124264    118360     51353     39949      34492     122074     46109     43627    135014     96379
            8192      64     10266     24320     54077     63747     64189     26484     25381      13687      26919     10670     24763     55434     59953
            8192     128      5562     12546     23287     30858     31540     13256     18238      14375      31682     12174      8031     26166     32272
            8192     256      2663      6494     10705     15023     14638      6015     13450       7155      13913      5365      6022     10989     13746
            8192     512      1253      1376      6589      8306      7979      3370      2832       5579       5410      2758      3205      5738      8226
            8192    1024       302      1680      3053      3976      3844      1715      3448       1241       4545      1044      1488      2509      3519
            8192    2048       119       778      1136      2017      1596       795      1774       1072       1430       572       751       677      1793
            8192    4096        89       363       495       685       683       321       712        312        512       342       564       543       629
            8192    8192        86       209       293       372       302       217       286        218        181       156       208       288       230
           16384       4    142757    334422    425467    636909    406837    268009    446139     514247     497148    264648    335493    174305    408210
           16384       8     86794    187014    377433    421141    353468    172857    189419     294500     289517    164024    126953    318702    391201
           16384      16     40610    104434    208556    247166    224517     92854    184834     163159     218109     96703     62362    242889    269482
           16384      32     15229     61656    118764    161103    150280     53640    117917     108317     129947     56413     53035     48715     79628
           16384      64      8933     26451     44283     70405     70832     23559     71152      52751      52032     22511     23880     52396     69887
           16384     128      5215     12886     28014     36919     36876     11934     28674      23071      35290     11128     13627     33898     38845
           16384     256      2668      3795     16461      9778     13165      6630     15477      12710      16020      4331      5947     13104     19024
           16384     512       711      3544      8091     11535     11531      3313      9337       6581      11065      3381      3382      8194     12092
           16384    1024       580      1796      4079      4106      6123      1567      4820       2929       5778      1253      1708      4432      6297
           16384    2048       252       820      1536      2664      2432       719      1326       1371       3122       683       263      1913      2160
           16384    4096       138       414       568       509       513       421       619        503        796       474       496       534       919
           16384    8192        62       232       378       455       359       229       351        184        375       229       344       318       410
           16384   16384        46       112       212       206       171       111       185         84        168       106       113       180       211
           32768      64      8154     28062     31583     37703     44187     21764     55938      57021      81270     22915     23875     62722     77493
           32768     128      5383     13309     30526     46741     32968     13825     34408      25071      33190     11871     10275     31805     44183
           32768     256      2489      6743     16254     21846     18408      5325     17130      10199      20562      5406      5911     15982     20150
           32768     512      1343      2390      7804      8757      8065      3142      7305       3883       9183      2799      2765      5382      7696
           32768    1024       658       981      4636      6312      5785      1653      4562       2461       4874      1217      1425      3405      4206
           32768    2048       219       862      2060      1618      2094       879      2047       1191       2059       633       653      1972      3088
           32768    4096       161       453       582       592       691       439       736        511        664       329       382       527       623
           32768    8192        58       213       352       334       338       218       343        280        357       197       206       349       382
           32768   16384        31       104       198       194       168        91       200        115        161        87       146       184       221
           65536      64      9070     22230     73712     86390     71096     25252     61645      61608      76652     22742     23632     76567     88024
           65536     128      5269      9239     38706     42029     35639     12475     39421      25207      42289     10168     14122     35152     43775
           65536     256      2813      6960     19651     20903     17743      5909     17291      10901      18242      5440      5859     20444     19607
           65536     512      1329      3429     11406     13798     11772      3300     11555       5622      11024      2821      3280     10993     13640
           65536    1024       585      1259      4743      6059      5091      1725      4578       2447       4700      1464      1717      5158      6143
           65536    2048       316       927      2006      3157      2254       805      1640       1304       2451       655       737      2388      3500
           65536    4096       182       358       709       759       866       430       678        536        769       352       368       861      1012
           65536    8192        88       224       335       385       416       218       388        280        427       188       185       370       402
           65536   16384        34        86       168       196       171       108       207        126        115        86        86       162       231
          131072      64     11391     23028     91062    103387     77732     27898     89962      64469      96055     29587     28563     97504     99790
          131072     128      5185     10884     42245     53394     45808     14017     46047      27046      38586     14331     12924     46907     40454
          131072     256      3149      7402     20839     27296     23594      7120     22275      13234      24860      6410      5147     18366     22315
          131072     512      1572      3452     11150     13113     12066      3714      7119       6226      12381      3549      3653     12017     12906
          131072    1024       776      1701      6438      7544      5484      1991      5219       2776       5218      1462      1357      5982      6762
          131072    2048       391       946      2506      3325      2776       956      2509       1533       2614       753       790      2497      2855
          131072    4096       183       386       826      1031      1013       464       814        652        959       363       393       976       928
          131072    8192        95       215       394       481       471       237       400        281        412       212       187       338       440
          131072   16384        47       105       221       202       202        96       173        141        143       105        95       217       220
          262144      64      8925     19745     97990     98738     84427     17126     80057      57797      87353     22729     23107     93167    109194
          262144     128      5567      9496     45507     55880     46173     11127     44558      28436      37765      8934     11204     42841     52626
          262144     256      2682      4507     24288     25545     25192      5332     29677      12417      26105      6320      6613     19192     27309
          262144     512      1522      2399     13576     13599     11328      2832     12791       6645       9733      2468      3438     12287     14362
          262144    1024       736      1347      6104      6562      6099      1362      6413       3453       6440      1597      1390      6834      6205
          262144    2048       309       620      2615      3074      3353       688      3128       1447       3244       665       526      2089      3821
          262144    4096       156       327      1104      1140      1104       429       972        585       1009       369       336      1029      1246
          262144    8192        82       209       495       495       468       215       436        285        451       162       164       438       438
          262144   16384        40        78       224       237       239        89       236        149        228       100        91       223       230
          524288      64      6260      9294    105504     93805     76162     12803     84037      68557      85602      9123     11163     70803     83862
          524288     128      3519      4400     40592     42275     41017      5637     35776      22552      51524      4161      6328     46474     47286
          524288     256      1963      2305     27008     27678     26159      2456     27274      12805      22306      3151      2338     26420     30390
          524288     512       962      1275     12740     15209     14018      1285     13212       6038      14657      1236      1193     11111     15006
          524288    1024       550       563      5777      7958      7248       728      6684       3114       6216       609       584      5784      6916
          524288    2048       262       304      2775      3997      3415       310      3105       1533       3036       288       274      3251      4108
          524288    4096       138       149       942      1122      1064       154       943        587       1025       192       140      1207      1312
          524288    8192        68       109       467       477       480       133       445        259        515       112        97       448       464
          524288   16384        33        58       226       255       217        60       242        143        213        53        51       227       254

iozone test complete.
Excel output is below:

"Writer report"
        "4"  "8"  "16"  "32"  "64"  "128"  "256"  "512"  "1024"  "2048"  "4096"  "8192"  "16384"
"64"   82463  34923  22863  7092  2747 
"128"   96089  26104  21862  11588  7276  3831 
"256"   126691  12867  27260  14495  3233  1369  1524 
"512"   36056  56634  8226  14666  3111  1186  1824  1213 
"1024"   41384  70374  31854  6608  3595  1368  1841  1269  581 
"2048"   152154  80473  34857  19138  10040  4043  633  531  540  342 
"4096"   62702  72376  35919  14724  2461  5061  2329  1270  539  290  151 
"8192"   151908  84080  39705  19073  10266  5562  2663  1253  302  119  89  86 
"16384"   142757  86794  40610  15229  8933  5215  2668  711  580  252  138  62  46 
"32768"   0  0  0  0  8154  5383  2489  1343  658  219  161  58  31 
"65536"   0  0  0  0  9070  5269  2813  1329  585  316  182  88  34 
"131072"   0  0  0  0  11391  5185  3149  1572  776  391  183  95  47 
"262144"   0  0  0  0  8925  5567  2682  1522  736  309  156  82  40 
"524288"   0  0  0  0  6260  3519  1963  962  550  262  138  68  33 

"Re-writer report"
        "4"  "8"  "16"  "32"  "64"  "128"  "256"  "512"  "1024"  "2048"  "4096"  "8192"  "16384"
"64"   168274  109724  72689  33313  5851 
"128"   166563  111884  40632  27785  5933  4761 
"256"   203082  141608  25972  36719  17776  9711  5153 
"512"   95091  135313  76529  14507  6712  10988  4785  2849 
"1024"   245213  161231  102074  49843  8101  4691  4483  2190  1729 
"2048"   83049  187657  72976  50793  24823  11568  5464  3124  1528  408 
"4096"   272198  163421  85104  43938  9196  11855  1875  3040  1635  336  323 
"8192"   295229  176763  101990  55410  24320  12546  6494  1376  1680  778  363  209 
"16384"   334422  187014  104434  61656  26451  12886  3795  3544  1796  820  414  232  112 
"32768"   0  0  0  0  28062  13309  6743  2390  981  862  453  213  104 
"65536"   0  0  0  0  22230  9239  6960  3429  1259  927  358  224  86 
"131072"   0  0  0  0  23028  10884  7402  3452  1701  946  386  215  105 
"262144"   0  0  0  0  19745  9496  4507  2399  1347  620  327  209  78 
"524288"   0  0  0  0  9294  4400  2305  1275  563  304  149  109  58 

"Reader report"
        "4"  "8"  "16"  "32"  "64"  "128"  "256"  "512"  "1024"  "2048"  "4096"  "8192"  "16384"
"64"   231565  420451  191072  77097  100328 
"128"   363925  281018  154056  92791  30749  15374 
"256"   592827  269078  66391  84989  57891  3663  17862 
"512"   356533  229274  202499  105218  53362  13423  15626  3484 
"1024"   431601  312897  184389  153953  34774  13702  12578  4000  5205 
"2048"   164737  316103  88947  83551  53328  10382  8230  5797  3760  2201 
"4096"   434633  93227  62605  76829  24408  21133  13468  3853  2648  751  602 
"8192"   543226  321604  218689  100671  54077  23287  10705  6589  3053  1136  495  293 
"16384"   425467  377433  208556  118764  44283  28014  16461  8091  4079  1536  568  378  212 
"32768"   0  0  0  0  31583  30526  16254  7804  4636  2060  582  352  198 
"65536"   0  0  0  0  73712  38706  19651  11406  4743  2006  709  335  168 
"131072"   0  0  0  0  91062  42245  20839  11150  6438  2506  826  394  221 
"262144"   0  0  0  0  97990  45507  24288  13576  6104  2615  1104  495  224 
"524288"   0  0  0  0  105504  40592  27008  12740  5777  2775  942  467  226 

"Re-Reader report"
        "4"  "8"  "16"  "32"  "64"  "128"  "256"  "512"  "1024"  "2048"  "4096"  "8192"  "16384"
"64"   611160  234965  306121  168426  45686 
"128"   483135  258304  72659  104985  28168  32312 
"256"   582535  291267  128117  81481  42174  15984  16925 
"512"   151111  113705  203728  122953  49651  24862  15893  3446 
"1024"   443730  351630  192730  128955  32005  13396  9566  7038  4347 
"2048"   197002  398005  77017  104742  50234  9976  12946  7735  2849  2320 
"4096"   495622  266245  70331  95243  44815  27589  14759  4050  3117  1188  444 
"8192"   560781  373449  248183  124264  63747  30858  15023  8306  3976  2017  685  372 
"16384"   636909  421141  247166  161103  70405  36919  9778  11535  4106  2664  509  455  206 
"32768"   0  0  0  0  37703  46741  21846  8757  6312  1618  592  334  194 
"65536"   0  0  0  0  86390  42029  20903  13798  6059  3157  759  385  196 
"131072"   0  0  0  0  103387  53394  27296  13113  7544  3325  1031  481  202 
"262144"   0  0  0  0  98738  55880  25545  13599  6562  3074  1140  495  237 
"524288"   0  0  0  0  93805  42275  27678  15209  7958  3997  1122  477  255 

"Random read report"
        "4"  "8"  "16"  "32"  "64"  "128"  "256"  "512"  "1024"  "2048"  "4096"  "8192"  "16384"
"64"   271909  221035  251134  77097  34719 
"128"   394983  71104  111178  147419  23776  23722 
"256"   500060  329930  122953  64058  42929  2673  5993 
"512"   99849  50793  132782  115943  29516  22345  13340  4406 
"1024"   393340  314547  235303  181914  17431  6466  7365  7353  4311 
"2048"   130018  345054  61717  43269  23338  8117  10089  5681  2043  1562 
"4096"   437779  148833  64875  87483  44137  27231  14312  4868  4282  993  446 
"8192"   452916  324447  209412  118360  64189  31540  14638  7979  3844  1596  683  302 
"16384"   406837  353468  224517  150280  70832  36876  13165  11531  6123  2432  513  359  171 
"32768"   0  0  0  0  44187  32968  18408  8065  5785  2094  691  338  168 
"65536"   0  0  0  0  71096  35639  17743  11772  5091  2254  866  416  171 
"131072"   0  0  0  0  77732  45808  23594  12066  5484  2776  1013  471  202 
"262144"   0  0  0  0  84427  46173  25192  11328  6099  3353  1104  468  239 
"524288"   0  0  0  0  76162  41017  26159  14018  7248  3415  1064  480  217 

"Random write report"
        "4"  "8"  "16"  "32"  "64"  "128"  "256"  "512"  "1024"  "2048"  "4096"  "8192"  "16384"
"64"   181962  103625  68813  26989  6756 
"128"   179963  143148  22922  33367  6554  8545 
"256"   185408  136844  67800  11836  11238  4106  3144 
"512"   78664  42388  68241  51471  14207  9899  5916  1170 
"1024"   293949  190460  101113  52887  8565  3720  4843  2590  1386 
"2048"   79196  170440  93779  16260  17768  3140  5834  3157  1531  810 
"4096"   269060  57944  32368  45134  22965  12529  6899  2822  1620  308  143 
"8192"   266844  164553  39683  51353  26484  13256  6015  3370  1715  795  321  217 
"16384"   268009  172857  92854  53640  23559  11934  6630  3313  1567  719  421  229  111 
"32768"   0  0  0  0  21764  13825  5325  3142  1653  879  439  218  91 
"65536"   0  0  0  0  25252  12475  5909  3300  1725  805  430  218  108 
"131072"   0  0  0  0  27898  14017  7120  3714  1991  956  464  237  96 
"262144"   0  0  0  0  17126  11127  5332  2832  1362  688  429  215  89 
"524288"   0  0  0  0  12803  5637  2456  1285  728  310  154  133  60 

"Backward read report"
        "4"  "8"  "16"  "32"  "64"  "128"  "256"  "512"  "1024"  "2048"  "4096"  "8192"  "16384"
"64"   213175  122997  63596  36344  6946 
"128"   227177  52436  92998  39216  30749  7039 
"256"   262193  227177  125015  56317  28590  8509  6454 
"512"   298459  94393  160777  87861  31394  12702  10257  3519 
"1024"   423098  223807  96949  51865  36200  10013  10363  3657  2891 
"2048"   437564  243324  140475  98769  35946  10088  10679  5134  1609  1013 
"4096"   381815  270470  66511  81223  54286  26578  10854  4361  4232  1419  356 
"8192"   408290  172185  174623  39949  25381  18238  13450  2832  3448  1774  712  286 
"16384"   446139  189419  184834  117917  71152  28674  15477  9337  4820  1326  619  351  185 
"32768"   0  0  0  0  55938  34408  17130  7305  4562  2047  736  343  200 
"65536"   0  0  0  0  61645  39421  17291  11555  4578  1640  678  388  207 
"131072"   0  0  0  0  89962  46047  22275  7119  5219  2509  814  400  173 
"262144"   0  0  0  0  80057  44558  29677  12791  6413  3128  972  436  236 
"524288"   0  0  0  0  84037  35776  27274  13212  6684  3105  943  445  242 

"Record rewrite report"
        "4"  "8"  "16"  "32"  "64"  "128"  "256"  "512"  "1024"  "2048"  "4096"  "8192"  "16384"
"64"   163359  95377  71451  22203  9991 
"128"   390388  54041  76120  33906  11247  11624 
"256"   328238  75666  49063  77707  35710  5306  5715 
"512"   298459  98479  180690  100642  13514  13109  8098  1091 
"1024"   467086  95294  58130  104873  21421  5641  5722  3240  1424 
"2048"   536092  92853  195452  87930  25762  7733  10555  4914  2109  812 
"4096"   395200  368110  162964  79105  62736  18348  10126  5095  2546  769  143 
"8192"   506547  322111  181439  34492  13687  14375  7155  5579  1241  1072  312  218 
"16384"   514247  294500  163159  108317  52751  23071  12710  6581  2929  1371  503  184  84 
"32768"   0  0  0  0  57021  25071  10199  3883  2461  1191  511  280  115 
"65536"   0  0  0  0  61608  25207  10901  5622  2447  1304  536  280  126 
"131072"   0  0  0  0  64469  27046  13234  6226  2776  1533  652  281  141 
"262144"   0  0  0  0  57797  28436  12417  6645  3453  1447  585  285  149 
"524288"   0  0  0  0  68557  22552  12805  6038  3114  1533  587  259  143 

"Stride read report"
        "4"  "8"  "16"  "32"  "64"  "128"  "256"  "512"  "1024"  "2048"  "4096"  "8192"  "16384"
"64"   379562  209970  67703  21519  13156 
"128"   278572  371165  131171  74299  22262  10412 
"256"   151333  250030  76888  90981  33038  12357  9804 
"512"   325611  104376  112617  121396  34176  27971  8623  2778 
"1024"   348300  74723  86597  79995  98140  10255  12616  6351  2012 
"2048"   452692  143169  83445  76743  46509  12149  14135  7547  3816  1879 
"4096"   376592  152652  180163  100786  46172  25956  18123  8989  4334  2030  798 
"8192"   130030  227153  199287  122074  26919  31682  13913  5410  4545  1430  512  181 
"16384"   497148  289517  218109  129947  52032  35290  16020  11065  5778  3122  796  375  168 
"32768"   0  0  0  0  81270  33190  20562  9183  4874  2059  664  357  161 
"65536"   0  0  0  0  76652  42289  18242  11024  4700  2451  769  427  115 
"131072"   0  0  0  0  96055  38586  24860  12381  5218  2614  959  412  143 
"262144"   0  0  0  0  87353  37765  26105  9733  6440  3244  1009  451  228 
"524288"   0  0  0  0  85602  51524  22306  14657  6216  3036  1025  515  213 

"Fwrite report"
        "4"  "8"  "16"  "32"  "64"  "128"  "256"  "512"  "1024"  "2048"  "4096"  "8192"  "16384"
"64"   216615  57573  9074  3583  12343 
"128"   209125  134539  66077  22227  16650  11131 
"256"   265565  121705  24020  17432  19719  3703  6019 
"512"   212302  48307  72090  36045  8907  11725  4818  956 
"1024"   241517  170879  43360  18172  7064  12778  5874  2171  546 
"2048"   292899  64844  66868  49274  22838  12012  6018  3020  1597  771 
"4096"   66705  107450  87940  35964  20088  9039  3913  2953  1796  826  387 
"8192"   151199  130064  66605  46109  10670  12174  5365  2758  1044  572  342  156 
"16384"   264648  164024  96703  56413  22511  11128  4331  3381  1253  683  474  229  106 
"32768"   0  0  0  0  22915  11871  5406  2799  1217  633  329  197  87 
"65536"   0  0  0  0  22742  10168  5440  2821  1464  655  352  188  86 
"131072"   0  0  0  0  29587  14331  6410  3549  1462  753  363  212  105 
"262144"   0  0  0  0  22729  8934  6320  2468  1597  665  369  162  100 
"524288"   0  0  0  0  9123  4161  3151  1236  609  288  192  112  53 

"Re-Fwrite report"
        "4"  "8"  "16"  "32"  "64"  "128"  "256"  "512"  "1024"  "2048"  "4096"  "8192"  "16384"
"64"   188082  40830  47688  24686  15152 
"128"   206550  123861  66601  32275  10158  6454 
"256"   307554  71590  53695  31992  22345  15984  2045 
"512"   157080  58986  66385  52477  8273  12115  6289  940 
"1024"   231469  148314  73467  55558  7098  9826  5656  3043  580 
"2048"   294587  62438  85792  14352  17011  4239  2154  3454  2255  678 
"4096"   82334  161515  90551  41301  8033  11478  6095  2906  1703  462  418 
"8192"   308482  182890  102771  43627  24763  8031  6022  3205  1488  751  564  208 
"16384"   335493  126953  62362  53035  23880  13627  5947  3382  1708  263  496  344  113 
"32768"   0  0  0  0  23875  10275  5911  2765  1425  653  382  206  146 
"65536"   0  0  0  0  23632  14122  5859  3280  1717  737  368  185  86 
"131072"   0  0  0  0  28563  12924  5147  3653  1357  790  393  187  95 
"262144"   0  0  0  0  23107  11204  6613  3438  1390  526  336  164  91 
"524288"   0  0  0  0  11163  6328  2338  1193  584  274  140  97  51 

"Fread report"
        "4"  "8"  "16"  "32"  "64"  "128"  "256"  "512"  "1024"  "2048"  "4096"  "8192"  "16384"
"64"   250587  106587  47020  51210  27093 
"128"   89609  73039  84137  49961  15626  14675 
"256"   355635  186983  155414  62045  32844  25281  4569 
"512"   372102  100132  133842  77689  45977  23939  8298  2053 
"1024"   357579  303350  216863  62143  29091  31364  12230  6453  2347 
"2048"   470134  264220  83006  52410  61208  11886  7583  6087  3305  743 
"4096"   420382  254356  168303  104738  39952  29519  6230  7483  4773  1079  858 
"8192"   504169  327066  72335  135014  55434  26166  10989  5738  2509  677  543  288 
"16384"   174305  318702  242889  48715  52396  33898  13104  8194  4432  1913  534  318  180 
"32768"   0  0  0  0  62722  31805  15982  5382  3405  1972  527  349  184 
"65536"   0  0  0  0  76567  35152  20444  10993  5158  2388  861  370  162 
"131072"   0  0  0  0  97504  46907  18366  12017  5982  2497  976  338  217 
"262144"   0  0  0  0  93167  42841  19192  12287  6834  2089  1029  438  223 
"524288"   0  0  0  0  70803  46474  26420  11111  5784  3251  1207  448  227 

"Re-Fread report"
        "4"  "8"  "16"  "32"  "64"  "128"  "256"  "512"  "1024"  "2048"  "4096"  "8192"  "16384"
"64"   457127  234965  142414  68868  24995 
"128"   164926  126906  94305  54683  28649  15374 
"256"   420873  186983  148206  59199  41241  18204  5708 
"512"   405245  114091  223768  89861  32115  26851  6776  2638 
"1024"   392620  122132  71739  73390  85619  28981  8176  3006  2083 
"2048"   563820  316849  81742  65780  43312  12120  7692  6768  3226  1207 
"4096"   455902  280834  65005  111504  42576  30422  12384  7239  4128  609  630 
"8192"   554840  367285  222035  96379  59953  32272  13746  8226  3519  1793  629  230 
"16384"   408210  391201  269482  79628  69887  38845  19024  12092  6297  2160  919  410  211 
"32768"   0  0  0  0  77493  44183  20150  7696  4206  3088  623  382  221 
"65536"   0  0  0  0  88024  43775  19607  13640  6143  3500  1012  402  231 
"131072"   0  0  0  0  99790  40454  22315  12906  6762  2855  928  440  220 
"262144"   0  0  0  0  109194  52626  27309  14362  6205  3821  1246  438  230 
"524288"   0  0  0  0  83862  47286  30390  15006  6916  4108  1312  464  254 
